                     CLIMATOLOGICAL SUMMARY for year 2023


NAME: Lea Hill, Auburn, WA                  
ELEV: 416 feet    LAT: 47-19.27 N    LONG: 122-11.06 W


                                       TEMPERATURE (°F)

                              HEAT    COOL                              MAX    MAX    MIN    MIN
          MEAN   MEAN         DEG     DEG                                >=     <=     <=     <=
 YR  MO   MAX    MIN    MEAN  DAYS    DAYS      HI  DAY     LOW  DAY     90     32     32      0
------------------------------------------------------------------------------------------------
2023 01   48.5   36.3   41.2  568.9    0.0    69.3   08    20.1   30      0      0      5      0
2023 02   47.0   33.2   39.5  714.7    0.0    59.4   09    20.1   25      0      0     14      0
2023 03   52.3   34.7   42.7  692.1    0.0    64.9   18    25.2   01      0      0     12      0
2023 04   55.7   40.0   47.2  532.0    0.0    81.7   28    32.5   03      0      0      0      0
2023 05   70.9   48.5   59.1  113.7   26.0    91.2   14    41.2   10      1      0      0      0
2023 06
2023 07
2023 08
2023 09
2023 10
2023 11
2023 12
------------------------------------------------------------------------------------------------
          53.4   37.5   44.7 2621.4   26.0    91.2  May    20.1  Jan      1      0     31      0


                  PRECIPITATION (in)

                  MAX         ---DAYS OF RAIN---
                  OBS.               OVER
 YR  MO  TOTAL    DAY  DATE   0.01   0.10   1.00
------------------------------------------------
2023 01   1.61   0.34    12     14      5      0
2023 02   2.17   0.38    07     17      9      0
2023 03   3.21   0.70    13     16     10      0
2023 04   4.21   0.81    10     18     12      0
2023 05   1.07   0.74    05      7      2      0
2023 06
2023 07
2023 08
2023 09
2023 10
2023 11
2023 12
------------------------------------------------
         12.28   0.81   Apr     72     38      0


           WIND SPEED (mph)

                                DOM
 YR  MO    AVG     HI   DATE    DIR
-----------------------------------
2023 01    0.3   18.3     21     85
2023 02    0.6   26.2     20    161
2023 03    0.7   20.6     28    132
2023 04    0.5   13.6     12     83
2023 05    0.5   15.9     02     29
2023 06
2023 07
2023 08
2023 09
2023 10
2023 11
2023 12
-----------------------------------
           0.5   26.2    Feb    107
