                     CLIMATOLOGICAL SUMMARY for year 2022


NAME: Lea Hill, Auburn, WA                  
ELEV: 416 feet    LAT: 47-19.27 N    LONG: 122-11.06 W


                                       TEMPERATURE (°F)

                              HEAT    COOL                              MAX    MAX    MIN    MIN
          MEAN   MEAN         DEG     DEG                                >=     <=     <=     <=
 YR  MO   MAX    MIN    MEAN  DAYS    DAYS      HI  DAY     LOW  DAY     90     32     32      0
------------------------------------------------------------------------------------------------
2022 01   45.7   33.7   39.3  796.9    0.0    57.0   12    17.0   01      0      0     13      0
2022 02   48.6   34.1   40.8  677.0    0.0    61.0   13    19.4   23      0      0     10      0
2022 03   54.4   39.4   45.9  591.5    0.0    66.2   22    26.4   10      0      0      4      0
2022 04   56.1   37.5   45.7  579.9    0.0    77.9   07    29.8   13      0      0      4      0
2022 05   61.2   44.2   51.8  408.3    0.0    73.0   22    38.5   20      0      0      0      0
2022 06   69.7   51.3   60.3  173.3   25.9    93.0   27    44.2   07      2      0      0      0
2022 07   79.7   56.3   67.1   39.3  105.7    94.5   26    49.1   05      6      0      0      0
2022 08   81.2   57.9   68.5   10.2  114.6    90.3   07    49.8   28      1      0      0      0
2022 09   75.0   51.6   62.0   99.2    9.1    90.1   10    43.3   21      1      0      0      0
2022 10   66.1   45.8   54.3  331.7    0.0    87.8   16    39.9   22      0      0      0      0
2022 11   48.1   31.7   39.4  770.1    0.0    56.8   04    23.2   19      0      0     20      0
2022 12   39.6   30.1   34.6  671.2    0.0    45.1   10    17.1   22      0      2     11      0
------------------------------------------------------------------------------------------------
          61.0   43.1   51.1 5148.8  255.2    94.5  Jul    17.0  Jan     10      2     62      0


                  PRECIPITATION (in)

                  MAX         ---DAYS OF RAIN---
                  OBS.               OVER
 YR  MO  TOTAL    DAY  DATE   0.01   0.10   1.00
------------------------------------------------
2022 01  11.14   2.40    06     15     12      4
2022 02   6.22   3.44    28      9      6      2
2022 03   4.58   0.81    14     16      9      0
2022 04   4.03   1.15    04     18     11      1
2022 05   5.73   0.92    06     18     13      0
2022 06   4.33   1.92    09     12      6      1
2022 07   0.44   0.20    03      5      2      0
2022 08   0.00   0.00    01      0      0      0
2022 09   0.04   0.02    03      2      0      0
2022 10   3.12   0.89    31     13      7      0
2022 11   6.50   1.20    22     14     11      3
2022 12   4.31   1.19    20     14     10      1
------------------------------------------------
         50.45   3.44   Feb    136     87     12


           WIND SPEED (mph)

                                DOM
 YR  MO    AVG     HI   DATE    DIR
-----------------------------------
2022 01    0.6   15.9     20    216
2022 02    0.5   14.8     19    222
2022 03    0.5   15.9     15    149
2022 04    0.7   21.7     04    165
2022 05    0.6   18.3     18    179
2022 06    0.5   14.8     13    183
2022 07    0.6   10.3     09    183
2022 08    0.5   11.4     12    178
2022 09    0.5   13.6     09    169
2022 10    0.3   12.5     25    184
2022 11    0.4   18.3     04    171
2022 12    0.3   14.8     18    171
-----------------------------------
           0.5   21.7    Apr    182
